-14280
-13951
-13718
-13799
-13697
-13420
-13244
-13012
-13031
-12709
-12341
-12476
-12060
-12021
-11969
-11542
-11537
-11063
-11075
-10814
-10606
-10445
-10216
-10135
-9823
-9650
-9646
-9252
-9078
-8906
-8697
-8542
-8370
-8040
-8141
-7535
-7391
-7365
-7086
-6952
-6714
-6484
-6354
-5936
-6070
-5553
-5229
-5371
-4990
-4686
-4394
-4597
-3862
-3952
-3773
-3769
-3466
-2933
-2999
-2573
-2509
-2219
-2017
-1882
-1679
-1529
-1123
-833
-701
-445
-251
-202
128
724
397
664
1211
1293
1343
1651
1816
2178
2120
2472
2741
2870
2925
3281
3617
3614
3662
4075
4443
4702
4616
4916
5166
5250
5607
5717
5787
6316
6217
6467
6441
7035
6982
7303
7220
7595
7859
8125
7732
8414
8613
8519
8912
9169
8989
9371
9311
9678
9710
9977
10201
10046
10401
10559
10591
10887
11010
11026
11190
11424
11441
11733
11629
11980
12095
12117
12474
12300
12695
12680
12566
12931
12974
13103
13248
13323
13322
13361
13451
13578
14031
13896
13906
14310
14463
14189
14412
14373
14379
14771
14596
14715
14604
14740
14764
15067
15070
15193
15053
15357
15126
15231
15258
15598
15460
15374
15688
15523
15760
15760
15769
15724
15695
15928
15885
15712
15750
15866
15986
16077
15879
16060
15953
15974
16066
16178
15881
15952
16033
16066
16117
16061
16116
16114
16095
15978
15943
16326
15906
16034
16031
16098
15938
16050
16124
15987
15749
15759
15829
16000
15698
15958
15646
15874
15638
15708
15665
15442
15863
15427
15499
15476
15447
15541
15114
15502
15199
15525
15107
15178
14966
15079
15072
15052
14896
14885
14739
14824
14746
14818
14763
14629
14435
14447
14448
14525
14355
14118
14139
14122
14287
14281
14188
13847
13975
14070
13880
13580
14041
13608
13702
13579
13454
13496
13481
13484
13504
13091
13278
13272
13288
13238
13163
12835
13267
12818
13164
12815
12949
12806
12672
12758
12661
12603
12732
12308
12539
12777
12349
12538
12210
12237
12529
12097
12251
12225
12137
11990
12236
11957
11947
12026
11993
11975
11625
12265
11878
11982
11608
12009
11943
11606
11613
11521
11279
11747
11351
11400
11756
11372
11687
11283
11484
11247
11515
11219
11233
11137
11429
11422
11040
11140
11212
10834
11224
11008
10784
11006
10929
10790
10959
10893
10928
10846
10758
10597
10826
10533
10619
10423
10724
10272
10638
10287
10729
10287
10011
10423
10447
10301
10137
10225
10207
10141
10226
10088
10030
9999
9761
9897
9988
9729
9763
9487
9493
9700
9591
9293
9399
9400
9445
9547
8998
9174
9205
9073
9112
9338
8961
9119
8739
8877
8636
8685
8675
8884
8526
8336
8429
8447
8067
8435
8243
7963
8113
8172
8095
7749
7846
7790
7707
7680
7467
7447
7176
7398
7272
7229
6996
6932
6934
6796
6752
6716
6403
6268
6562
6268
6385
5896
5978
5997
5703
5759
5759
5511
5564
5326
5343
5145
5143
4887
5008
4634
4647
4734
4373
4393
4243
4331
3978
3984
3660
4095
3451
3575
3484
3537
3093
2977
2933
2922
2695
2661
2422
2149
2463
2084
1846
1962
1900
1954
1575
1467
1290
1158
1198
910
879
930
530
467
458
91
420
72
-134
-353
-273
-90
-717
-805
-589
-735
-1275
-1352
-1066
-1369
2794
